879132564213465897546798231987241653635879142124356978351624789798513426462987315
546789123879123456213456789124365897987214365635897214798531642351642978462978531
213465897546798231879132564987241653124356978635879142462987315798513426351624789
978132546645798213312465879789241635536879124421356987897513462153624798264987351
312645798978312465645978132421536879789421356536789241264897513153264987897153624
132654987465987321798321654241563798879412563356798412987135246513246879624879135
456978231789312564123645897365789142214536978897421653531264789978153426642897315
789312456123645789456978123897421365214536897365789214642897531978153642531264978
987123645321456978654789312798214536412365789563897421135642897879531264246978153
312564879978231546645897213421653987536978124789142635264789351897315462153426798
564798312231465978897132645653879421142356789978241536315624897789513264426987153
978321654645987321312654987536798412421563798789412563153246879264879135897135246
645987231978321564312654897789412653421563978536798142264879315153246789897135426
879213546213546879546879213124635987635987124987124635462798351351462798798351462
456789132789123465123456798365897241214365879897214356978531624531642987642978513
978132546312465879645798213536879124789241635421356987153624798264987351897513462
645978213312645879978312546536789124789421635421536987153264798264897351897153462
546897312879231645213564978124653789987142536635978421798315264351426897462789153
213645987879312654546978321635789412124536798987421563798153246351264879462897135
987213456321546789654879123412635897798124365563987214879351642246798531135462978
789312645456978312123645978897421536365789421214536789531264897642897153978153264
987132645654798312321465978798241536563879421412356789246987153879513264135624897
132654879798321546465987213356798124879412635241563987987135462513246798624879351
987231456321564789654897123798142365412653897563978214246789531135426978879315642
465978123132645789798312456241536897356789214879421365513264978624897531987153642
321546798654879132987213465798124356563987241412635879246798513879351624135462987
654879213321546879987213546798124635563987124412635987246798351135462798879351462
213654879879321546546987213124563987635798124987412635798135462351246798462879351
213564987546897321879231654635978412124653798987142563798315246462789135351426879
546789132879123465213456798635897241124365879987214356351642987798531624462978513
456987213123654879789321546897412635365798124214563987642879351978135462531246798
213564789546897123879231456635978214124653897987142365462789531798315642351426978
213465798546798132879132465987241356124356879635879241351624987798513624462987513
564897231897231564231564897142653978653978142978142653426789315789315426315426789
213645987879312654546978321124536798635789412987421563798153246462897135351264879
546897312213564978879231645987142536635978421124653789798315264462789153351426897
978213456312546789645879123789124365421635897536987214264798531153462978897351642
978231645312564978645897312421653789536978421789142536264789153897315264153426897
645798123312465789978132456789241365421356897536879214153624978264987531897513642
123654987789321654456987321365798412897412563214563798642879135531246879978135246
987132465654798132321465798563879241798241356412356879135624987246987513879513624
564879132897213465231546798653987241142635879978124356315462987789351624426798513
645978312312645978978312645536789421421536789789421536264897153897153264153264897
654789213321456879987123546563897124412365987798214635246978351879531462135642798
123456978789123645456789312897214536365897421214365789642978153978531264531642897
879213546213546879546879213987124635635987124124635987798351462351462798462798351
798123654465789321132456987241365798879214563356897412624978135987531246513642879
213654789879321456546987123635798214124563897987412365351246978462879531798135642
897231654231564987564897321653978412978142563142653798315426879789315246426789135
132456987465789321798123654879214563241365798356897412624978135987531246513642879
132456798798123465465789132356897241241365879879214356513642987624978513987531624
321564978987231645654897312412653789563978421798142536246789153879315264135426897
564987312897321645231654978653798421142563789978412536315246897426879153789135264
879213546546879213213546879635987124987124635124635987351462798462798351798351462
312564978645897312978231645536978421421653789789142536153426897897315264264789153
564978213897312546231645879653789124978421635142536987426897351315264798789153462
978312456645978123312645789789421365536789214421536897264897531897153642153264978
978132546312465879645798213421356987789241635536879124897513462264987351153624798
465978132132645798798312465356789241241536879879421356624897513987153624513264987
231654978564987312897321645978412536142563789653798421789135264426879153315246897
123465897456798231789132564365879142214356978897241653642987315978513426531624789
879123546213456879546789213635897124987214635124365987798531462351642798462978351
312654879978321546645987213536798124789412635421563987153246798897135462264879351
231465798564798132897132465653879241978241356142356879789513624315624987426987513
654987213987321546321654879563798124412563987798412635135246798246879351879135462
546879321213546987879213654987124563635987412124635798798351246462798135351462879
978321456645987123312654789536798214421563897789412365264879531153246978897135642
654879321987213654321546987412635798798124563563987412879351246135462879246798135
132465987798132654465798321241356798879241563356879412624987135513624879987513246
798123456132456789465789123356897214879214365241365897624978531513642978987531642
645879231312546897978213564536987142421635978789124653153462789897351426264798315
798312645132645978465978312241536789356789421879421536513264897987153264624897153
312654987978321654645987321421563798789412563536798412153246879264879135897135246
321654897654987231987321564798412653412563978563798142135246789246879315879135426
654897312321564978987231645563978421412653789798142536246789153135426897879315264
789123456123456789456789123897214365214365897365897214642978531978531642531642978
987312546654978213321645879798421635563789124412536987246897351879153462135264798
213645879879312546546978213987421635124536987635789124351264798798153462462897351
321546879654879213987213546798124635563987124412635987246798351879351462135462798
897231564231564897564897231142653978653978142978142653426789315789315426315426789
564897321231564987897231654978142563142653798653978412789315246315426879426789135
645879312312546978978213645789124536421635789536987421897351264153462897264798153
987132654654798321321465987798241563563879412412356798135624879879513246246987135
132564987465897321798231654241653798879142563356978412513426879987315246624789135
321654978654987312987321645798412536412563789563798421246879153879135264135246897
879132465546798132213465798124356879987241356635879241462987513351624987798513624
654987321321654987987321654563798412412563798798412563246879135135246879879135246
987132465321465798654798132798241356412356879563879241879513624246987513135624987
987132546321465879654798213412356987563879124798241635879513462246987351135624798
456879123789213456123546789214635897365987214897124365642798531531462978978351642
564978132897312465231645798653789241978421356142536879315264987789153624426897513
879231456213564789546897123124653897635978214987142365462789531351426978798315642
123645978789312645456978312365789421214536789897421536978153264531264897642897153
987123465654789132321456798798214356563897241412365879879531624135642987246978513
321654978987321645654987312412563789563798421798412536879135264246879153135246897
312456798978123465645789132789214356421365879536897241153642987264978513897531624
978321465645987132312654798789412356536798241421563879153246987264879513897135624
879132645546798312213465978124356789635879421987241536798513264462987153351624897
213564897879231564546897231635978142987142653124653978462789315798315426351426789
465798321132465987798132654879241563356879412241356798624987135513624879987513246
123546987456879321789213654214635798365987412897124563531462879642798135978351246
231564879564897213897231546978142635653978124142653987426789351789315462315426798
213564879546897213879231546635978124987142635124653987351426798462789351798315462
456789231123456897789123564214365978897214653365897142531642789642978315978531426
132465789465798123798132456356879214879241365241356897513624978624987531987513642
654798123321465789987132456412356897798241365563879214135624978246987531879513642
465879231798213564132546897879124653356987142241635978987351426624798315513462789
546798123213465789879132456635879214124356897987241365462987531798513642351624978
978231645312564978645897312789142536421653789536978421153426897264789153897315264
987231654654897321321564987798142563412653798563978412879315246246789135135426879
132546789465879123798213456879124365356987214241635897624798531513462978987351642
546798132213465798879132465635879241987241356124356879462987513798513624351624987
798321645132654978465987312879412536356798421241563789624879153513246897987135264
789231645456897312123564978897142536214653789365978421978315264642789153531426897
123645798456978132789312465365789241214536879897421356531264987642897513978153624
645879123978213456312546789536987214789124365421635897153462978897351642264798531
978321465312654798645987132421563879536798241789412356264879513897135624153246987
645798123312465789978132456536879214421356897789241365264987531153624978897513642
321564987654897321987231654412653798798142563563978412246789135135426879879315246
879213654213546987546879321635987412124635798987124563462798135798351246351462879
132546897798213564465879231356987142879124653241635978513462789987351426624798315
978321465312654798645987132536798241789412356421563879897135624153246987264879513
123465879789132546456798213897241635365879124214356987978513462531624798642987351
231654978564987312897321645142563789653798421978412536315246897789135264426879153
213465789879132456546798123987241365124356897635879214798513642462987531351624978
132465798798132465465798132356879241241356879879241356624987513513624987987513624
546987213213654879879321546124563987635798124987412635798135462351246798462879351
465978231132645897798312564879421653241536978356789142624897315987153426513264789
978321546312654879645987213421563987789412635536798124153246798897135462264879351
132564798798231465465897132241653879356978241879142356987315624624789513513426987
645798231978132564312465897536879142789241653421356978897513426264987315153624789
213654789879321456546987123987412365124563897635798214462879531351246978798135642
564879312897213645231546978142635789978124536653987421315462897426798153789351264
456897213789231546123564879214653987365978124897142635642789351531426798978315462
879321546213654879546987213987412635635798124124563987351246798462879351798135462
987213456321546789654879123563987214412635897798124365246798531135462978879351642
132654789465987123798321456241563897356798214879412365513246978624879531987135642
465978312798312645132645978879421536241536789356789421624897153513264897987153264
879123456546789123213456789635897214124365897987214365798531642462978531351642978
897123456231456789564789123978214365653897214142365897789531642426978531315642978
546987123879321456213654789124563897987412365635798214351246978798135642462879531
465897132798231465132564798879142356241653879356978241513426987624789513987315624
321546978987213645654879312563987421412635789798124536246798153879351264135462897
213654798546987132879321465124563879987412356635798241462879513798135624351246987
645987321312654987978321654789412563421563798536798412264879135153246879897135246
564798123897132456231465789978241365653879214142356897426987531789513642315624978
987312456654978123321645789563789214412536897798421365135264978879153642246897531
231546798897213465564879132978124356142635879653987241426798513315462987789351624
456798312789132645123465978365879421897241536214356789642987153531624897978513264
978321456312654789645987123789412365536798214421563897153246978264879531897135642
654978231321645897987312564798421653412536978563789142879153426135264789246897315
456897231789231564123564897365978142897142653214653978531426789642789315978315426
645978123312645789978312456536789214789421365421536897153264978897153642264897531
456879231789213564123546897897124653214635978365987142978351426642798315531462789
564789312231456978897123645978214536142365789653897421426978153315642897789531264
312465987645798321978132654421356798789241563536879412153624879897513246264987135
546789132879123465213456798124365879635897241987214356798531624351642987462978513
789231546456897213123564879897142635214653987365978124978315462531426798642789351
987213456321546789654879123798124365412635897563987214135462978246798531879351642
312654879978321546645987213536798124421563987789412635897135462153246798264879351
978132465645798132312465798789241356536879241421356879153624987264987513897513624
789123456456789123123456789214365897897214365365897214531642978642978531978531642
564987231897321564231654897142563978653798142978412653426879315315246789789135426
321546978654879312987213645412635789563987421798124536135462897246798153879351264
213654978546987312879321645987412536124563789635798421351246897462879153798135264
897123546231456879564789213653897124142365987978214635315642798426978351789531462
321654879654987213987321546412563987798412635563798124246879351879135462135246798
897231465231564798564897132978142356653978241142653879315426987426789513789315624
897132654231465987564798321142356798653879412978241563315624879426987135789513246
231654987564987321897321654978412563142563798653798412315246879426879135789135246
132546879465879213798213546241635987356987124879124635513462798987351462624798351
132465798798132465465798132879241356356879241241356879624987513513624987987513624
465987123798321456132654789241563897879412365356798214513246978987135642624879531
798231564465897231132564897879142653356978142241653978513426789987315426624789315
312645897978312564645978231536789142421536978789421653264897315897153426153264789
978231465312564798645897132536978241421653879789142356264789513897315624153426987
231546897564879231897213564142635978978124653653987142789351426315462789426798315
231645789564978123897312456978421365142536897653789214315264978426897531789153642
321564789654897123987231456798142365412653897563978214246789531135426978879315642
321456897987123564654789231798214653412365978563897142135642789246978315879531426
546798213213465879879132546124356987987241635635879124351624798798513462462987351
465978321798312654132645987356789412879421563241536798624897135987153246513264879
321654978654987312987321645412563789798412536563798421879135264246879153135246897
789312654456978321123645987214536798365789412897421563978153246531264879642897135
564897213231564879897231546978142635142653987653978124789315462315426798426789351
564789132231456798897123465653897241978214356142365879426978513789531624315642987
987231546654897213321564879798142635563978124412653987879315462135426798246789351
645978321978312654312645987421536798536789412789421563897153246264897135153264879
213654789879321456546987123124563897635798214987412365798135642462879531351246978
879213546213546879546879213124635987987124635635987124798351462351462798462798351
321654987987321654654987321563798412412563798798412563246879135135246879879135246
978123456645789123312456789789214365536897214421365897897531642153642978264978531
231645987897312654564978321978421563653789412142536798426897135315264879789153246
231654897897321564564987231653798142142563978978412653426879315315246789789135426
321645897987312564654978231798421653412536978563789142879153426135264789246897315
123654987789321654456987321214563798897412563365798412531246879642879135978135246
456897231789231564123564897365978142214653978897142653642789315531426789978315426
321456978654789312987123645798214536412365789563897421135642897879531264246978153
897321456564987123231654789978412365142563897653798214315246978426879531789135642
654897231321564897987231564412653978563978142798142653879315426135426789246789315
546789312213456978879123645124365789635897421987214536462978153798531264351642897
456978132123645798789312465214536879897421356365789241642897513531264987978153624
654987213321654879987321546563798124412563987798412635135246798879135462246879351
123546897456879231789213564365987142897124653214635978978351426642798315531462789
978312654645978321312645987789421563536789412421536798897153246264897135153264879
123564987456897321789231654897142563365978412214653798531426879642789135978315246
645978231312645897978312564421536978789421653536789142153264789264897315897153426
645879231978213564312546897421635978789124653536987142153462789264798315897351426
564987123231654789897321456978412365653798214142563897789135642426879531315246978
798213465465879132132546798241635879356987241879124356513462987624798513987351624
465798123798132456132465789356879214879241365241356897987513642513624978624987531
798312465132645798465978132241536879879421356356789241987153624624897513513264987
321546978654879312987213645412635789563987421798124536879351264135462897246798153
879231645213564978546897312987142536635978421124653789351426897462789153798315264
897321654231654987564987321978412563142563798653798412426879135789135246315246879
789312654456978321123645987897421563365789412214536798642897135531264879978153246
798132654132465987465798321241356798879241563356879412513624879624987135987513246
123564789456897123789231456897142365365978214214653897531426978978315642642789531
465789213132456879798123546356897124879214635241365987987531462624978351513642798
132654987465987321798321654356798412241563798879412563624879135987135246513246879
123564897456897231789231564365978142214653978897142653642789315531426789978315426
312654897978321564645987231536798142421563978789412653264879315153246789897135426
798231465465897132132564798356978241241653879879142356987315624513426987624789513
978231564312564897645897231536978142789142653421653978897315426153426789264789315
321645978654978312987312645563789421412536789798421536135264897246897153879153264
213546789879213456546879123635987214124635897987124365462798531798351642351462978
897213456564879123231546789978124365142635897653987214315462978426798531789351642
987312645321645978654978312563789421412536789798421536135264897246897153879153264
978123654312456987645789321789214563421365798536897412897531246264978135153642879
798312546465978213132645879241536987356789124879421635624897351513264798987153462
645987312978321645312654978789412536421563789536798421897135264264879153153246897
321645789654978123987312456412536897798421365563789214879153642135264978246897531
132645798465978132798312465879421356241536879356789241513264987624897513987153624
132564798465897132798231465879142356241653879356978241513426987624789513987315624
789123645456789312123456978214365789365897421897214536978531264642978153531642897
645978231312645897978312564536789142789421653421536978897153426264897315153264789
987312654321645987654978321798421563412536798563789412246897135879153246135264879
798123456132456789465789123879214365241365897356897214624978531513642978987531642
465879312798213645132546978241635789356987421879124536513462897624798153987351264
123546978789213645456879312214635789897124536365987421642798153531462897978351264
897312654564978321231645987978421563142536798653789412315264879426897135789153246
978231546312564879645897213536978124789142635421653987153426798897315462264789351
546987231213654897879321564987412653635798142124563978798135426351246789462879315
132564879465897213798231546356978124879142635241653987624789351987315462513426798
312654978645987312978321645421563789789412536536798421153246897264879153897135264
564978312231645978897312645978421536142536789653789421315264897789153264426897153
564789312897123645231456978653897421142365789978214536426978153315642897789531264
123654789456987123789321456365798214214563897897412365642879531978135642531246978
564879123897213456231546789653987214142635897978124365426798531789351642315462978
132465978798132645465798312241356789879241536356879421513624897624987153987513264
213465987879132654546798321635879412124356798987241563462987135351624879798513246
456879321123546987789213654365987412214635798897124563531462879642798135978351246
213546897546879231879213564635987142987124653124635978462798315798351426351462789
123465789456798123789132456214356897897241365365879214531624978642987531978513642
312456798645789132978123465789214356536897241421365879264978513897531624153642987
897231654564897321231564987653978412978142563142653798426789135789315246315426879
897321654564987321231654987142563798978412563653798412426879135789135246315246879
564987321231654987897321654653798412978412563142563798315246879789135246426879135
321645798987312465654978132412536879798421356563789241135264987246897513879153624
798132546132465879465798213241356987879241635356879124513624798624987351987513462
321546798987213465654879132798124356412635879563987241246798513879351624135462987
231645978564978312897312645653789421142536789978421536789153264426897153315264897
465879321798213654132546987356987412879124563241635798987351246624798135513462879
465798312798132645132465978879241536241356789356879421987513264513624897624987153
231456789564789123897123456142365897653897214978214365426978531789531642315642978
798312456132645789465978123879421365356789214241536897987153642513264978624897531
321564987987231654654897321563978412412653798798142563879315246135426879246789135
897231456564897123231564789653978214978142365142653897315426978789315642426789531
789213645456879312123546978365987421897124536214635789642798153978351264531462897
312645798978312465645978132421536879536789241789421356153264987264897513897153624
456987231789321564123654897214563978897412653365798142642879315978135426531246789
654897132321564798987231465798142356563978241412653879879315624135426987246789513
789123564123456897456789231214365978897214653365897142642978315531642789978531426
879213645213546978546879312124635789635987421987124536798351264351462897462798153
132564978798231645465897312241653789879142536356978421624789153513426897987315264
213465978546798312879132645124356789987241536635879421351624897798513264462987153
213465879879132546546798213124356987987241635635879124351624798798513462462987351
321456789987123456654789123412365897798214365563897214246978531135642978879531642
456987213123654879789321546897412635214563987365798124642879351531246798978135462
798312645465978312132645978879421536241536789356789421987153264513264897624897153
897123456564789123231456789653897214978214365142365897426978531315642978789531642
978321546645987213312654879789412635421563987536798124153246798897135462264879351
231456987897123654564789321142365798653897412978214563315642879426978135789531246
789132654456798321123465987365879412897241563214356798531624879978513246642987135
231564978897231645564897312978142536142653789653978421426789153315426897789315264
321654978654987312987321645798412536563798421412563789246879153135246897879135264
897132645231465978564798312142356789978241536653879421426987153789513264315624897
879132654546798321213465987635879412124356798987241563462987135351624879798513246
897123465231456798564789132653897241978214356142365879315642987789531624426978513
654987123321654789987321456412563897798412365563798214135246978246879531879135642
987213654654879321321546987563987412412635798798124563879351246246798135135462879
312465879978132546645798213789241635536879124421356987264987351897513462153624798
312645789645978123978312456421536897789421365536789214264897531153264978897153642
897213654564879321231546987978124563142635798653987412315462879789351246426798135
123465897789132564456798231897241653365879142214356978531624789978513426642987315
987321546654987213321654879412563987563798124798412635879135462135246798246879351
546879132879213465213546798987124356635987241124635879351462987462798513798351624
213546798546879132879213465987124356124635879635987241351462987798351624462798513
798132465465798132132465798241356879356879241879241356513624987624987513987513624
564798312231465978897132645653879421142356789978241536789513264426987153315624897
798132465465798132132465798241356879356879241879241356624987513987513624513624987
987312546321645879654978213798421635412536987563789124879153462135264798246897351
123456978456789312789123645214365789897214536365897421642978153531642897978531264
213654879879321546546987213635798124124563987987412635462879351351246798798135462
132456798465789132798123465879214356241365879356897241624978513987531624513642987
123456978456789312789123645214365789897214536365897421531642897978531264642978153
312456879645789213978123546789214635421365987536897124897531462264978351153642798
879213546213546879546879213987124635635987124124635987351462798462798351798351462
978231465645897132312564798421653879789142356536978241897315624264789513153426987
987123654321456987654789321798214563412365798563897412879531246135642879246978135
897321564564987231231654897142563978653798142978412653315246789426879315789135426
213645789879312456546978123635789214987421365124536897462897531798153642351264978
978132645645798312312465978789241536536879421421356789264987153153624897897513264
987132465654798132321465798412356879798241356563879241879513624246987513135624987
312654879645987213978321546421563987789412635536798124153246798897135462264879351
231654978897321645564987312653798421978412536142563789315246897426879153789135264
978231456312564789645897123421653897789142365536978214264789531153426978897315642
231564798564897132897231465978142356142653879653978241315426987789315624426789513
312456987645789321978123654421365798536897412789214563264978135153642879897531246
789213456123546789456879123897124365214635897365987214531462978978351642642798531
987231645654897312321564978798142536563978421412653789135426897879315264246789153
231465897897132564564798231978241653142356978653879142426987315789513426315624789
897321465231654798564987132142563879978412356653798241789135624426879513315246987
798213654465879321132546987241635798356987412879124563624798135987351246513462879
879213546546879213213546879987124635635987124124635987462798351351462798798351462
321645978654978312987312645563789421798421536412536789879153264246897153135264897
231456789897123456564789123142365897978214365653897214426978531789531642315642978
312564897978231564645897231421653978536978142789142653153426789897315426264789315
564978213231645879897312546142536987653789124978421635315264798426897351789153462
132465978798132645465798312241356789356879421879241536624987153513624897987513264
132654897465987231798321564879412653356798142241563978624879315513246789987135426
123546879789213546456879213897124635365987124214635987531462798642798351978351462
312546978978213645645879312536987421421635789789124536897351264264798153153462897
789321654123654987456987321214563798897412563365798412531246879978135246642879135
897321654564987321231654987653798412142563798978412563426879135789135246315246879
213456879879123546546789213124365987987214635635897124462978351798531462351642798
456897123789231456123564789214653897897142365365978214978315642642789531531426978
456897123123564789789231456365978214214653897897142365531426978642789531978315642
789213456123546789456879123365987214214635897897124365642798531978351642531462978
987132654321465987654798321563879412412356798798241563246987135879513246135624879
564978231231645897897312564978421653142536978653789142315264789789153426426897315
564978321897312654231645987142536798653789412978421563426897135315264879789153246
645987312978321645312654978536798421789412536421563789153246897897135264264879153
312564879645897213978231546789142635421653987536978124153426798897315462264789351
312456978978123645645789312536897421789214536421365789897531264264978153153642897
123654789456987123789321456214563897365798214897412365531246978978135642642879531
645897321978231654312564987789142563536978412421653798264789135897315246153426879
798132645132465978465798312356879421241356789879241536624987153513624897987513264
645987132312654798978321465421563879536798241789412356264879513153246987897135624
897312546231645879564978213653789124142536987978421635789153462315264798426897351
312546987645879321978213654789124563421635798536987412897351246153462879264798135
123546879789213546456879213214635987365987124897124635642798351531462798978351462
978123564312456897645789231536897142421365978789214653264978315153642789897531426
789312456456978123123645789365789214214536897897421365642897531978153642531264978
231465987897132654564798321142356798978241563653879412315624879426987135789513246
645978321978312654312645987789421563421536798536789412264897135153264879897153246
312645897645978231978312564789421653536789142421536978897153426264897315153264789
798321645132654978465987312241563789879412536356798421987135264624879153513246897
132546879465879213798213546356987124879124635241635987624798351513462798987351462
213645978879312645546978312987421536124536789635789421798153264351264897462897153
564879213897213546231546879978124635653987124142635987789351462426798351315462798
879132654213465987546798321124356798635879412987241563798513246462987135351624879
231546798897213465564879132142635879653987241978124356426798513315462987789351624
231564987564897321897231654142653798978142563653978412315426879426789135789315246
987132456321465789654798123563879214412356897798241365135624978879513642246987531
978132654312465987645798321536879412421356798789241563264987135153624879897513246
546798312213465978879132645635879421124356789987241536462987153798513264351624897
231546978897213645564879312142635789978124536653987421789351264426798153315462897
987213654654879321321546987412635798563987412798124563135462879246798135879351246
798321465132654798465987132356798241879412356241563879624879513513246987987135624
798231654465897321132564987241653798879142563356978412624789135987315246513426879
798231456465897123132564789356978214241653897879142365987315642624789531513426978
312546798645879132978213465421635879789124356536987241264798513153462987897351624
645789213312456879978123546536897124789214635421365987153642798264978351897531462
978123654312456987645789321536897412421365798789214563264978135897531246153642879
312645978978312645645978312421536789536789421789421536897153264264897153153264897
645978312978312645312645978536789421421536789789421536897153264264897153153264897
645978231978312564312645897536789142789421653421536978153264789264897315897153426
897312564231645897564978231142536978653789142978421653789153426315264789426897315
798321654132654987465987321241563798356798412879412563513246879987135246624879135
564978312897312645231645978653789421978421536142536789315264897426897153789153264
789231456456897123123564789214653897365978214897142365978315642642789531531426978
546897231879231564213564897635978142124653978987142653351426789462789315798315426
465897213132564879798231546356978124241653987879142635624789351987315462513426798
987321654654987321321654987412563798798412563563798412879135246246879135135246879
645987123312654789978321456536798214789412365421563897153246978264879531897135642
978123546312456879645789213789214635536897124421365987264978351897531462153642798
654789213987123546321456879412365987563897124798214635879531462135642798246978351
978321654312654987645987321421563798789412563536798412153246879897135246264879135
654978123321645789987312456412536897563789214798421365135264978246897531879153642
546987213879321546213654879987412635124563987635798124351246798798135462462879351
654978213987312546321645879412536987563789124798421635246897351879153462135264798
897213564564879231231546897978124653142635978653987142426798315789351426315462789
312465897978132564645798231789241653421356978536879142264987315897513426153624789
213456879546789213879123546987214635124365987635897124798531462351642798462978351
987231564654897231321564897412653978563978142798142653246789315879315426135426789
564897132897231465231564798142653879978142356653978241789315624315426987426789513
123546978789213645456879312365987421897124536214635789531462897642798153978351264
879213546546879213213546879124635987635987124987124635351462798462798351798351462
321465978987132645654798312563879421412356789798241536879513264135624897246987153
897213465231546798564879132142635879978124356653987241426798513315462987789351624
978213645312546978645879312536987421421635789789124536153462897264798153897351264
987321465654987132321654798563798241412563879798412356246879513135246987879135624
654798213987132546321465879412356987798241635563879124246987351879513462135624798
798123465132456798465789132356897241241365879879214356513642987987531624624978513
231645978897312645564978312653789421978421536142536789789153264426897153315264897
213456798879123465546789132635897241987214356124365879351642987798531624462978513
546987231879321564213654897987412653124563978635798142351246789462879315798135426
123456798456789132789123465365897241897214356214365879642978513531642987978531624
321654987654987321987321654798412563563798412412563798246879135879135246135246879
312456789645789123978123456421365897789214365536897214897531642264978531153642978
213564789879231456546897123987142365635978214124653897351426978798315642462789531
213465879879132546546798213124356987987241635635879124462987351351624798798513462
978312456312645789645978123536789214421536897789421365153264978897153642264897531
123654897456987231789321564365798142214563978897412653642879315978135426531246789
798312564132645897465978231241536978879421653356789142987153426513264789624897315
978312654312645987645978321789421563421536798536789412153264879897153246264897135
987213645321546978654879312412635789563987421798124536879351264135462897246798153
231456798897123465564789132978214356653897241142365879315642987789531624426978513
789123456123456789456789123365897214214365897897214365531642978978531642642978531
879312456546978123213645789987421365635789214124536897798153642462897531351264978
987132654654798321321465987563879412798241563412356798246987135879513246135624879
564897213231564879897231546978142635653978124142653987426789351315426798789315462
123645987789312654456978321214536798897421563365789412978153246642897135531264879
897231465564897132231564798142653879653978241978142356426789513789315624315426987
654897321987231654321564987563978412412653798798142563135426879879315246246789135
897132654231465987564798321653879412142356798978241563426987135315624879789513246
465978312798312645132645978356789421879421536241536789987153264624897153513264897
456798231123465897789132564897241653365879142214356978642987315531624789978513426
987231456321564789654897123563978214798142365412653897135426978879315642246789531
798123564465789231132456897356897142241365978879214653513642789987531426624978315
654897213321564879987231546412653987563978124798142635879315462246789351135426798
987321645321654978654987312798412536563798421412563789879135264246879153135246897
213465879546798213879132546987241635124356987635879124351624798798513462462987351
321654987654987321987321654412563798798412563563798412246879135879135246135246879
213456789879123456546789123124365897987214365635897214798531642462978531351642978
897231456564897123231564789653978214142653897978142365426789531789315642315426978
132546987465879321798213654879124563356987412241635798624798135987351246513462879
645789213312456879978123546536897124789214635421365987897531462153642798264978351
213645987879312654546978321124536798635789412987421563351264879798153246462897135
897213456564879123231546789653987214978124365142635897789351642315462978426798531
978321654312654987645987321536798412421563798789412563153246879897135246264879135
879312465213645798546978132124536879635789241987421356798153624351264987462897513
123645987456978321789312654897421563365789412214536798642897135978153246531264879
321456987987123654654789321563897412798214563412365798135642879879531246246978135
897321465564987132231654798653798241142563879978412356789135624315246987426879513
132645789798312456465978123879421365241536897356789214513264978624897531987153642
798213645465879312132546978241635789879124536356987421513462897624798153987351264
546879321213546987879213654987124563124635798635987412351462879462798135798351246
321546798987213465654879132563987241412635879798124356246798513135462987879351624
789321456456987123123654789897412365214563897365798214531246978642879531978135642
978312546312645879645978213536789124789421635421536987153264798897153462264897351
978213564312546897645879231789124653536987142421635978264798315897351426153462789
978213645645879312312546978536987421789124536421635789153462897264798153897351264
789312546456978213123645879214536987365789124897421635978153462531264798642897351
564789123897123456231456789978214365653897214142365897789531642426978531315642978
978312456645978123312645789789421365421536897536789214264897531153264978897153642
213465879546798213879132546124356987987241635635879124462987351798513462351624798
789321645456987312123654978365798421214563789897412536642879153531246897978135264
564789123897123456231456789978214365142365897653897214789531642315642978426978531
321645798654978132987312465412536879798421356563789241135264987879153624246897513
564987123231654789897321456978412365142563897653798214426879531789135642315246978
231564879564897213897231546142653987978142635653978124426789351789315462315426798
879132465546798132213465798124356879635879241987241356351624987462987513798513624
789132456123465789456798123897241365214356897365879214642987531531624978978513642
564789213231456879897123546653897124978214635142365987315642798426978351789531462
645987123978321456312654789789412365421563897536798214897135642264879531153246978
213546879879213546546879213124635987987124635635987124462798351351462798798351462
312645789978312456645978123421536897789421365536789214153264978264897531897153642
987312546321645879654978213798421635412536987563789124135264798246897351879153462
465897213132564879798231546241653987356978124879142635987315462624789351513426798
132564897798231564465897231879142653356978142241653978513426789987315426624789315
645879132312546798978213465421635879789124356536987241897351624153462987264798513
123564897789231564456897231214653978897142653365978142978315426531426789642789315
312546798645879132978213465421635879789124356536987241153462987897351624264798513
546789312879123645213456978987214536635897421124365789351642897462978153798531264
213465798879132465546798132124356879635879241987241356462987513798513624351624987
789231456123564789456897123214653897897142365365978214531426978978315642642789531
123654897789321564456987231365798142214563978897412653642879315531246789978135426
654978213987312546321645879563789124412536987798421635135264798879153462246897351
132654987465987321798321654241563798356798412879412563513246879987135246624879135
645798213312465879978132546789241635421356987536879124264987351153624798897513462
978231465312564798645897132421653879789142356536978241897315624153426987264789513
789123645456789312123456978365897421214365789897214536978531264531642897642978153
645879231312546897978213564421635978789124653536987142264798315153462789897351426
987312456321645789654978123798421365563789214412536897135264978246897531879153642
123564798456897132789231465365978241897142356214653879642789513531426987978315624
645987312312654978978321645421563789536798421789412536264879153897135264153246897
564987321897321654231654987653798412978412563142563798426879135789135246315246879
456789321789123654123456987214365798897214563365897412531642879642978135978531246
312546897645879231978213564536987142421635978789124653897351426153462789264798315
465987321132654987798321654241563798879412563356798412624879135513246879987135246
897213546231546879564879213653987124978124635142635987315462798426798351789351462
879312564213645897546978231124536978987421653635789142798153426351264789462897315
312645789978312456645978123789421365421536897536789214153264978897153642264897531
132564978465897312798231645879142536241653789356978421624789153513426897987315264
654798123987132456321465789798241365412356897563879214879513642135624978246987531
231465978564798312897132645142356789653879421978241536315624897789513264426987153
789312465456978132123645798897421356214536879365789241531264987642897513978153624
546897231213564897879231564124653978635978142987142653351426789462789315798315426
465798123132465789798132456241356897879241365356879214513624978624987531987513642
978312564312645897645978231421536978536789142789421653264897315897153426153264789
213645798546978132879312465635789241987421356124536879351264987462897513798153624
897123465231456798564789132978214356653897241142365879789531624315642987426978513
123645789789312456456978123214536897365789214897421365531264978978153642642897531
798321645465987312132654978241563789356798421879412536987135264624879153513246897
312456789645789123978123456421365897789214365536897214153642978897531642264978531
987231456321564789654897123798142365412653897563978214879315642246789531135426978
132564978798231645465897312879142536356978421241653789624789153513426897987315264
213645987879312654546978321987421563635789412124536798462897135798153246351264879
465897123798231456132564789241653897879142365356978214624789531987315642513426978
564978132897312465231645798653789241142536879978421356315264987426897513789153624
546798231213465897879132564124356978987241653635879142351624789462987315798513426
798132654132465987465798321241356798356879412879241563987513246624987135513624879
564789132897123465231456798142365879653897241978214356789531624426978513315642987
546987231879321564213654897987412653124563978635798142462879315798135426351246789
231546789564879123897213456978124365142635897653987214426798531315462978789351642
231654987564987321897321654978412563142563798653798412789135246315246879426879135
123564987789231654456897321214653798897142563365978412978315246642789135531426879
123654789789321456456987123214563897365798214897412365531246978642879531978135642
789231465456897132123564798897142356365978241214653879531426987978315624642789513
456798213789132546123465879365879124897241635214356987978513462531624798642987351
132654789798321456465987123879412365241563897356798214624879531513246978987135642
654897213987231546321564879798142635412653987563978124246789351879315462135426798
564897123897231456231564789978142365142653897653978214426789531789315642315426978
213645978879312645546978312987421536124536789635789421351264897462897153798153264
213564987546897321879231654635978412987142563124653798462789135798315246351426879
231564978564897312897231645653978421978142536142653789426789153789315264315426897
879312546546978213213645879124536987987421635635789124351264798462897351798153462
321465798654798132987132465412356879563879241798241356879513624246987513135624987
213546798879213465546879132987124356124635879635987241462798513798351624351462987
879312456213645789546978123124536897987421365635789214462897531798153642351264978
312465879978132546645798213421356987789241635536879124153624798264987351897513462
312465987645798321978132654789241563421356798536879412153624879264987135897513246
321465798987132465654798132563879241798241356412356879135624987246987513879513624
546798123213465789879132456124356897635879214987241365351624978798513642462987531
213654789879321456546987123635798214987412365124563897462879531351246978798135642
789231564123564897456897231365978142897142653214653978531426789642789315978315426
213654987546987321879321654635798412987412563124563798462879135351246879798135246
123465978456798312789132645365879421214356789897241536642987153978513264531624897
978321465312654798645987132536798241789412356421563879264879513897135624153246987
465789132132456798798123465879214356241365879356897241987531624624978513513642987
465798123132465789798132456241356897879241365356879214624987531987513642513624978
897213456564879123231546789653987214142635897978124365789351642426798531315462978
123654897789321564456987231897412653214563978365798142642879315978135426531246789
978312456312645789645978123536789214789421365421536897264897531897153642153264978
987123456321456789654789123798214365412365897563897214246978531135642978879531642
465978231132645897798312564879421653356789142241536978624897315513264789987153426
978123456645789123312456789421365897789214365536897214264978531897531642153642978
546897231879231564213564897987142653124653978635978142462789315351426789798315426
564978321897312654231645987978421563653789412142536798789153246315264879426897135
645897231978231564312564897536978142421653978789142653153426789897315426264789315
213654897546987231879321564635798142124563978987412653351246789798135426462879315
132654897465987231798321564356798142241563978879412653513246789987135426624879315
798123456132456789465789123879214365356897214241365897987531642513642978624978531
654879123987213456321546789563987214412635897798124365246798531135462978879351642
897123465231456798564789132142365879653897241978214356789531624426978513315642987
465879321132546987798213654879124563241635798356987412513462879624798135987351246
231465978897132645564798312978241536653879421142356789315624897789513264426987153
789231645456897312123564978214653789365978421897142536978315264642789153531426897
132645789465978123798312456879421365356789214241536897513264978624897531987153642
123564897456897231789231564897142653214653978365978142978315426531426789642789315
312456897978123564645789231536897142421365978789214653153642789264978315897531426
564978321231645987897312654653789412142536798978421563315264879789153246426897135
798132465465798132132465798356879241879241356241356879987513624513624987624987513
213564879879231546546897213635978124124653987987142635798315462351426798462789351
654789132321456798987123465563897241412365879798214356879531624135642987246978513
312546879978213546645879213536987124421635987789124635153462798264798351897351462
789132564123465897456798231365879142897241653214356978531624789978513426642987315
321654978987321645654987312563798421412563789798412536246879153879135264135246897
978231465645897132312564798789142356421653879536978241264789513897315624153426987
564987123231654789897321456978412365653798214142563897426879531315246978789135642
546978321879312654213645987635789412987421563124536798462897135798153246351264879
546987321213654987879321654987412563124563798635798412351246879462879135798135246
978231654312564987645897321789142563536978412421653798153426879264789135897315246
987231465654897132321564798412653879563978241798142356135426987879315624246789513
564879132897213465231546798978124356653987241142635879789351624426798513315462987
546879213213546879879213546124635987635987124987124635462798351798351462351462798
897231564231564897564897231142653978653978142978142653789315426315426789426789315
465798312798132645132465978241356789879241536356879421987513264624987153513624897
789321645456987312123654978897412536365798421214563789978135264642879153531246897
546879321213546987879213654635987412987124563124635798462798135798351246351462879
213654789546987123879321456987412365635798214124563897798135642462879531351246978
132465978798132645465798312879241536241356789356879421987513264624987153513624897
645987213978321546312654879421563987536798124789412635153246798264879351897135462
231645879897312546564978213978421635653789124142536987315264798789153462426897351
654987231987321564321654897412563978798412653563798142246879315135246789879135426
123465798456798132789132465897241356214356879365879241531624987642987513978513624
546789231213456897879123564635897142987214653124365978351642789462978315798531426
312456978645789312978123645421365789536897421789214536897531264153642897264978153
456987123789321456123654789365798214214563897897412365978135642531246978642879531
645897213312564879978231546421653987536978124789142635897315462153426798264789351
645897132312564798978231465789142356421653879536978241897315624153426987264789513
978123465312456798645789132421365879789214356536897241897531624153642987264978513
132654987465987321798321654241563798356798412879412563624879135513246879987135246
213546897546879231879213564124635978635987142987124653351462789462798315798351426
798123546465789213132456879356897124241365987879214635624978351987531462513642798
654897132321564798987231465563978241798142356412653879246789513135426987879315624
798312564465978231132645897241536978879421653356789142624897315513264789987153426
312456897978123564645789231421365978536897142789214653264978315153642789897531426
897132465564798132231465798978241356142356879653879241789513624426987513315624987
123564789456897123789231456897142365214653897365978214642789531978315642531426978
645879132978213465312546798421635879536987241789124356897351624153462987264798513
897213564231546897564879231653987142142635978978124653789351426315462789426798315
546987123213654789879321456635798214124563897987412365462879531798135642351246978
879321654213654987546987321987412563635798412124563798351246879462879135798135246
798213564132546897465879231879124653241635978356987142624798315987351426513462789
564978213897312546231645879978421635142536987653789124789153462426897351315264798
321546897987213564654879231563987142412635978798124653135462789246798315879351426
312654789645987123978321456536798214421563897789412365264879531897135642153246978
465978312798312645132645978356789421241536789879421536987153264513264897624897153
123564879456897213789231546214653987365978124897142635531426798978315462642789351
546879321879213654213546987635987412987124563124635798351462879798351246462798135
897123564564789231231456897978214653653897142142365978426978315789531426315642789
456987213789321546123654879897412635214563987365798124978135462531246798642879351
645879231312546897978213564421635978536987142789124653153462789264798315897351426
897123456231456789564789123653897214978214365142365897789531642315642978426978531
321645987987312654654978321563789412412536798798421563135264879246897135879153246
987132465321465798654798132563879241412356879798241356135624987246987513879513624
987231456654897123321564789798142365563978214412653897135426978879315642246789531
879312546213645879546978213987421635124536987635789124351264798462897351798153462
546879123213546789879213456635987214124635897987124365462798531798351642351462978
654789231321456897987123564798214653563897142412365978135642789879531426246978315
231645987564978321897312654142536798653789412978421563426897135315264879789153246
789213456123546789456879123214635897365987214897124365642798531531462978978351642
654897231987231564321564897798142653412653978563978142879315426246789315135426789
654879321321546987987213654798124563563987412412635798246798135135462879879351246
213645879879312546546978213987421635124536987635789124798153462462897351351264798
897321645564987312231654978142563789653798421978412536789135264315246897426879153
879321465213654798546987132987412356635798241124563879798135624351246987462879513
564789213897123546231456879653897124142365987978214635315642798426978351789531462
132465789465798123798132456241356897879241365356879214624987531513624978987513642
645897132978231465312564798789142356536978241421653879897315624153426987264789513
987132654654798321321465987798241563412356798563879412246987135879513246135624879
987123654321456987654789321412365798563897412798214563246978135879531246135642879
879132456546798123213465789635879214124356897987241365462987531798513642351624978
213546897879213564546879231635987142124635978987124653462798315798351426351462789
321564897654897231987231564798142653412653978563978142135426789879315426246789315
798231654465897321132564987356978412241653798879142563513426879624789135987315246
645978132978312465312645798789421356536789241421536879264897513897153624153264987
564798231231465897897132564978241653142356978653879142315624789426987315789513426
879321645213654978546987312124563789987412536635798421462879153351246897798135264
645798132978132465312465798536879241789241356421356879153624987264987513897513624
897321564564987231231654897653798142142563978978412653315246789789135426426879315
879321654546987321213654987635798412987412563124563798351246879462879135798135246
879312456213645789546978123987421365124536897635789214798153642462897531351264978
456897213789231546123564879897142635214653987365978124978315462642789351531426798
321456987654789321987123654798214563563897412412365798879531246246978135135642879
987321456654987123321654789412563897563798214798412365246879531135246978879135642
789213456456879123123546789214635897897124365365987214531462978978351642642798531
465879231798213564132546897879124653241635978356987142624798315987351426513462789
465897123132564789798231456879142365356978214241653897987315642624789531513426978
978213654312546987645879321536987412789124563421635798264798135897351246153462879
546978213879312546213645879635789124124536987987421635798153462462897351351264798
897213465231546798564879132142635879978124356653987241789351624426798513315462987
987123456654789123321456789412365897563897214798214365246978531879531642135642978
879312546546978213213645879987421635124536987635789124462897351351264798798153462
546978231879312564213645897635789142987421653124536978462897315351264789798153426
546798321213465987879132654987241563635879412124356798351624879798513246462987135
564897132897231465231564798653978241978142356142653879315426987789315624426789513
645789231978123564312456897789214653421365978536897142264978315897531426153642789
879213465546879132213546798124635879635987241987124356798351624351462987462798513
132654798465987132798321465879412356241563879356798241624879513513246987987135624
456978231789312564123645897365789142897421653214536978978153426531264789642897315
456789213789123546123456879214365987897214635365897124642978351978531462531642798
465978321132645987798312654241536798879421563356789412513264879624897135987153246
879312645546978312213645978987421536124536789635789421798153264351264897462897153
654897123987231456321564789798142365563978214412653897879315642135426978246789531
231564987897231654564897321978142563142653798653978412789315246315426879426789135
456987312123654978789321645365798421214563789897412536642879153531246897978135264
654798213321465879987132546412356987798241635563879124879513462246987351135624798
321564798654897132987231465412653879798142356563978241135426987879315624246789513
465897321132564987798231654241653798356978412879142563513426879987315246624789135
645879231978213564312546897789124653536987142421635978264798315897351426153462789
312645978645978312978312645421536789789421536536789421153264897897153264264897153
978123465312456798645789132789214356536897241421365879897531624153642987264978513
654897231321564897987231564563978142412653978798142653246789315135426789879315426
789132456123465789456798123897241365214356897365879214531624978978513642642987531
798132654465798321132465987241356798879241563356879412624987135513624879987513246
798312456132645789465978123879421365356789214241536897624897531987153642513264978
879132654213465987546798321124356798635879412987241563462987135351624879798513246
987312645321645978654978312563789421798421536412536789135264897879153264246897153
312456978978123645645789312789214536536897421421365789264978153897531264153642897
879312645546978312213645978635789421124536789987421536351264897798153264462897153
798132564465798231132465897356879142879241653241356978513624789987513426624987315
564789213231456879897123546978214635142365987653897124426978351789531462315642798
132564798798231465465897132879142356356978241241653879987315624513426987624789513
456987123789321456123654789897412365214563897365798214978135642642879531531246978
897213564564879231231546897978124653142635978653987142789351426315462789426798315
897312654564978321231645987142536798653789412978421563315264879426897135789153246
546879321879213654213546987987124563124635798635987412462798135351462879798351246
456897132789231465123564798365978241214653879897142356978315624531426987642789513
456987321123654987789321654365798412214563798897412563531246879642879135978135246
132456987465789321798123654879214563356897412241365798513642879987531246624978135
312645798978312465645978132536789241421536879789421356153264987897153624264897513
231465798564798132897132465142356879653879241978241356426987513789513624315624987
213654789546987123879321456124563897635798214987412365351246978462879531798135642
978213456312546789645879123789124365536987214421635897153462978264798531897351642
456798123789132456123465789897241365365879214214356897531624978642987531978513642
456798123789132456123465789214356897897241365365879214978513642531624978642987531
213456987546789321879123654987214563124365798635897412798531246351642879462978135
312654897645987231978321564421563978536798142789412653264879315153246789897135426
546879312213546978879213645987124536124635789635987421798351264462798153351462897
645798213312465879978132546536879124789241635421356987264987351153624798897513462
132546978798213645465879312241635789879124536356987421987351264513462897624798153
465987312798321645132654978879412536241563789356798421987135264513246897624879153
231654978564987312897321645653798421978412536142563789426879153315246897789135264
645897231978231564312564897789142653421653978536978142897315426153426789264789315
213465897879132564546798231987241653635879142124356978798513426351624789462987315
789312456456978123123645789365789214897421365214536897978153642642897531531264978
987312465654978132321645798412536879798421356563789241246897513879153624135264987
465897132798231465132564798241653879356978241879142356987315624513426987624789513
897312564231645897564978231653789142142536978978421653426897315315264789789153426
978132465645798132312465798536879241789241356421356879897513624264987513153624987
321564897987231564654897231563978142412653978798142653879315426246789315135426789
465897123798231456132564789879142365356978214241653897513426978624789531987315642
231465879564798213897132546142356987978241635653879124789513462426987351315624798
564978123897312456231645789978421365142536897653789214789153642315264978426897531
321564789654897123987231456412653897798142365563978214879315642135426978246789531
456987213123654879789321546365798124214563987897412635978135462531246798642879351
456879321123546987789213654214635798897124563365987412531462879642798135978351246
978231564645897231312564897789142653421653978536978142153426789897315426264789315
312645879645978213978312546421536987789421635536789124153264798264897351897153462
312456798978123465645789132421365879536897241789214356153642987264978513897531624
213465987546798321879132654635879412124356798987241563798513246351624879462987135
987132564321465897654798231412356978798241653563879142135624789879513426246987315
213546879879213546546879213124635987635987124987124635798351462351462798462798351
456789132789123465123456798365897241897214356214365879531642987978531624642978513
654897213987231546321564879798142635563978124412653987135426798879315462246789351
132456897465789231798123564356897142241365978879214653987531426513642789624978315
654897132987231465321564798412653879563978241798142356135426987246789513879315624
645987123312654789978321456421563897536798214789412365897135642153246978264879531
321654897987321564654987231563798142412563978798412653135246789246879315879135426
123564879789231546456897213897142635365978124214653987531426798978315462642789351
897123456231456789564789123653897214142365897978214365426978531315642978789531642
987231645321564978654897312563978421412653789798142536246789153879315264135426897
465987312132654978798321645879412536356798421241563789987135264513246897624879153
987231654654897321321564987798142563563978412412653798135426879246789135879315246
987312456654978123321645789798421365412536897563789214879153642135264978246897531
456798213789132546123465879214356987897241635365879124531624798978513462642987351
465987312132654978798321645879412536241563789356798421987135264624879153513246897
798132465132465798465798132879241356356879241241356879624987513987513624513624987
987123645321456978654789312563897421798214536412365789135642897879531264246978153
456879312789213645123546978365987421214635789897124536531462897642798153978351264
564789213231456879897123546142365987978214635653897124789531462426978351315642798
546879312879213645213546978124635789635987421987124536798351264351462897462798153
546879321213546987879213654635987412124635798987124563798351246462798135351462879
654987132321654798987321465798412356563798241412563879246879513135246987879135624
465978213132645879798312546879421635356789124241536987987153462513264798624897351
978231564645897231312564897536978142421653978789142653264789315897315426153426789
789123546123456879456789213365897124897214635214365987642978351531642798978531462
654978312321645978987312645798421536412536789563789421246897153879153264135264897
564789312231456978897123645142365789653897421978214536315642897789531264426978153
456789231789123564123456897897214653365897142214365978978531426642978315531642789
321456978987123645654789312798214536563897421412365789879531264246978153135642897
879231456546897123213564789635978214124653897987142365798315642462789531351426978
978123645312456978645789312421365789789214536536897421264978153153642897897531264
312546879978213546645879213421635987536987124789124635153462798897351462264798351
312564978978231645645897312789142536421653789536978421264789153153426897897315264
987213465321546798654879132563987241412635879798124356246798513879351624135462987
978213645645879312312546978789124536536987421421635789897351264264798153153462897
312465987645798321978132654421356798789241563536879412897513246264987135153624879
654978321987312654321645987798421563563789412412536798135264879879153246246897135
798312654465978321132645987879421563356789412241536798624897135987153246513264879
645798231978132564312465897421356978789241653536879142153624789264987315897513426
546978321879312654213645987987421563635789412124536798351264879798153246462897135
789312456123645789456978123214536897897421365365789214642897531531264978978153642
978231546645897213312564879789142635421653987536978124264789351897315462153426798
897231564564897231231564897978142653142653978653978142315426789789315426426789315
465897312132564978798231645356978421879142536241653789513426897624789153987315264
546798312213465978879132645635879421124356789987241536351624897462987153798513264
654789321321456987987123654798214563563897412412365798135642879246978135879531246
564987312231654978897321645978412536653798421142563789315246897789135264426879153
231564789564897123897231456653978214978142365142653897315426978426789531789315642
213645987879312654546978321635789412987421563124536798351264879798153246462897135
987132564321465897654798231798241653412356978563879142135624789246987315879513426
879312465213645798546978132635789241987421356124536879462897513798153624351264987
321465789987132456654798123563879214412356897798241365879513642135624978246987531
978312546645978213312645879536789124421536987789421635897153462264897351153264798
546987213879321546213654879635798124987412635124563987462879351351246798798135462
312564789645897123978231456789142365536978214421653897264789531153426978897315642
123546987789213654456879321897124563365987412214635798531462879642798135978351246
798123546132456879465789213241365987879214635356897124624978351513642798987531462
321654789987321456654987123798412365563798214412563897879135642135246978246879531
465879321132546987798213654879124563356987412241635798987351246624798135513462879
312564978978231645645897312536978421421653789789142536264789153897315264153426897
231654897564987231897321564978412653142563978653798142789135426426879315315246789
987132465654798132321465798412356879798241356563879241135624987879513624246987513
564879321231546987897213654142635798978124563653987412315462879426798135789351246
312465897978132564645798231536879142421356978789241653153624789897513426264987315
879213564546879231213546897635987142987124653124635978351462789798351426462798315
897321465564987132231654798653798241142563879978412356315246987426879513789135624
978213564312546897645879231421635978789124653536987142264798315897351426153462789
546798213879132546213465879987241635635879124124356987351624798462987351798513462
312465987645798321978132654789241563421356798536879412264987135897513246153624879
987132654654798321321465987412356798798241563563879412246987135135624879879513246
456789213789123546123456879365897124897214635214365987642978351531642798978531462
456879321789213654123546987897124563214635798365987412978351246531462879642798135
312456978978123645645789312789214536536897421421365789897531264153642897264978153
321546798987213465654879132798124356563987241412635879135462987879351624246798513
456798132789132465123465798365879241897241356214356879642987513978513624531624987
231465978897132645564798312142356789653879421978241536315624897426987153789513264
879321546213654879546987213987412635124563987635798124462879351351246798798135462
123564879456897213789231546365978124214653987897142635642789351978315462531426798
465789312132456978798123645879214536356897421241365789513642897987531264624978153
132645789465978123798312456356789214879421365241536897624897531513264978987153642
564789132897123465231456798978214356142365879653897241315642987789531624426978513
798231645132564978465897312241653789356978421879142536513426897987315264624789153
456978231123645897789312564365789142897421653214536978978153426642897315531264789
213456897546789231879123564987214653124365978635897142798531426462978315351642789
798132465132465798465798132356879241241356879879241356987513624513624987624987513
879321654546987321213654987987412563124563798635798412798135246351246879462879135
465987123132654789798321456241563897879412365356798214987135642513246978624879531
312456987978123654645789321789214563421365798536897412153642879264978135897531246
231465987564798321897132654142356798978241563653879412426987135315624879789513246
123654978456987312789321645897412536214563789365798421642879153531246897978135264
879312564213645897546978231987421653124536978635789142798153426462897315351264789
564978231231645897897312564653789142142536978978421653789153426315264789426897315
123645987789312654456978321897421563365789412214536798978153246642897135531264879
321456789654789123987123456412365897798214365563897214135642978246978531879531642
213645987879312654546978321987421563124536798635789412798153246462897135351264879
321456978654789312987123645798214536563897421412365789135642897246978153879531264
978123465312456798645789132421365879536897241789214356264978513153642987897531624
231654798564987132897321465653798241142563879978412356789135624426879513315246987
798213654465879321132546987879124563356987412241635798624798135513462879987351246
978231465645897132312564798536978241789142356421653879897315624153426987264789513
231645798564978132897312465142536879978421356653789241789153624315264987426897513
897312645231645978564978312978421536142536789653789421426897153789153264315264897
879321465213654798546987132987412356124563879635798241462879513351246987798135624
897231465231564798564897132978142356653978241142653879426789513789315624315426987
312456879978123546645789213789214635536897124421365987897531462264978351153642798
456978132789312465123645798897421356365789241214536879642897513978153624531264987
132564987465897321798231654879142563241653798356978412987315246513426879624789135
645798213978132546312465879421356987536879124789241635153624798264987351897513462
312564897645897231978231564789142653536978142421653978153426789897315426264789315
897132564231465897564798231653879142978241653142356978315624789789513426426987315
789312456456978123123645789897421365214536897365789214642897531531264978978153642
798231645132564978465897312879142536241653789356978421987315264624789153513426897
798231564465897231132564897879142653241653978356978142624789315987315426513426789
978132456645798123312465789536879214789241365421356897153624978264987531897513642
123645798789312465456978132897421356214536879365789241642897513978153624531264987
987132654321465987654798321798241563412356798563879412246987135135624879879513246
132456978798123645465789312879214536241365789356897421624978153987531264513642897
321645897654978231987312564563789142798421653412536978135264789879153426246897315
546978123879312456213645789987421365124536897635789214462897531351264978798153642
213654879879321546546987213987412635124563987635798124351246798462879351798135462
132654978798321645465987312879412536356798421241563789513246897624879153987135264
645789123978123456312456789421365897536897214789214365264978531897531642153642978
231546978897213645564879312142635789653987421978124536789351264315462897426798153
546789321879123654213456987635897412124365798987214563462978135351642879798531246
213564978546897312879231645124653789635978421987142536351426897798315264462789153
645789123978123456312456789789214365421365897536897214264978531897531642153642978
456987231123654897789321564365798142897412653214563978642879315978135426531246789
987312654654978321321645987563789412412536798798421563879153246135264879246897135
879231546546897213213564879635978124124653987987142635462789351798315462351426798
564789213897123546231456879978214635142365987653897124426978351315642798789531462
321645978654978312987312645798421536563789421412536789879153264135264897246897153
987123465654789132321456798412365879563897241798214356135642987879531624246978513
123456978789123645456789312897214536214365789365897421978531264642978153531642897
879123456546789123213456789635897214124365897987214365462978531351642978798531642
231654978564987312897321645142563789653798421978412536789135264426879153315246897
645978132978312465312645798421536879536789241789421356264897513153264987897153624
798132546465798213132465879356879124241356987879241635987513462624987351513624798
798123645132456978465789312879214536356897421241365789987531264513642897624978153
123465978456798312789132645214356789897241536365879421642987153978513264531624897
132564798798231465465897132241653879879142356356978241987315624513426987624789513
798213456132546789465879123356987214879124365241635897624798531987351642513462978
645798312978132645312465978536879421789241536421356789897513264264987153153624897
321645978654978312987312645798421536563789421412536789135264897246897153879153264
321654987987321654654987321412563798563798412798412563879135246135246879246879135
978231465645897132312564798536978241421653879789142356897315624264789513153426987
654798132987132465321465798412356879563879241798241356879513624246987513135624987
546789321213456987879123654635897412124365798987214563798531246351642879462978135
123645978789312645456978312365789421214536789897421536531264897642897153978153264
465798123132465789798132456879241365356879214241356897624987531987513642513624978
213546897546879231879213564987124653635987142124635978462798315351462789798351426
312546978978213645645879312421635789536987421789124536264798153897351264153462897
123546978789213645456879312365987421214635789897124536531462897978351264642798153
123645789456978123789312456897421365365789214214536897642897531531264978978153642
465978321132645987798312654879421563241536798356789412624897135513264879987153246
312645789978312456645978123789421365536789214421536897153264978264897531897153642
789132654123465987456798321214356798365879412897241563642987135978513246531624879
465897123132564789798231456241653897356978214879142365624789531987315642513426978
123564978789231645456897312214653789365978421897142536642789153531426897978315264
987213645654879312321546978798124536563987421412635789246798153879351264135462897
879123456546789123213456789124365897987214365635897214462978531351642978798531642
465978321798312654132645987241536798356789412879421563624897135987153246513264879
123654789456987123789321456897412365214563897365798214642879531531246978978135642
546978123213645789879312456635789214987421365124536897462897531798153642351264978
231654987897321654564987321142563798978412563653798412315246879426879135789135246
654978321987312654321645987412536798563789412798421563246897135879153246135264879
132456789798123456465789123879214365356897214241365897513642978987531642624978531
645978132978312465312645798421536879536789241789421356153264987897153624264897513
465897231798231564132564897241653978356978142879142653987315426624789315513426789
321456897987123564654789231798214653563897142412365978135642789879531426246978315
564987231231654897897321564142563978653798142978412653315246789426879315789135426
123546798789213465456879132365987241214635879897124356978351624531462987642798513
123645879789312546456978213365789124214536987897421635531264798978153462642897351
321546879654879213987213546563987124798124635412635987135462798879351462246798351
213645897546978231879312564987421653635789142124536978351264789462897315798153426
978321564645987231312654897421563978789412653536798142897135426264879315153246789
987231546321564879654897213798142635563978124412653987879315462246789351135426798
465987321798321654132654987241563798356798412879412563987135246624879135513246879
132654987798321654465987321879412563241563798356798412513246879624879135987135246
546789231213456897879123564635897142124365978987214653351642789798531426462978315
654978132987312465321645798798421356412536879563789241246897513879153624135264987
213645897546978231879312564987421653124536978635789142462897315351264789798153426
564789312231456978897123645142365789653897421978214536426978153315642897789531264
789132456456798123123465789365879214214356897897241365531624978978513642642987531
564789132231456798897123465653897241978214356142365879789531624315642987426978513
213564879879231546546897213124653987635978124987142635351426798798315462462789351
798132465132465798465798132356879241241356879879241356513624987624987513987513624
465978231132645897798312564241536978356789142879421653513264789624897315987153426
564897312231564978897231645978142536142653789653978421315426897789315264426789153
213465798879132465546798132635879241987241356124356879351624987462987513798513624
321564897654897231987231564563978142412653978798142653135426789246789315879315426
312465987645798321978132654421356798789241563536879412264987135153624879897513246
213456897879123564546789231987214653635897142124365978462978315351642789798531426
798132564132465897465798231879241653356879142241356978987513426624987315513624789
312654978978321645645987312421563789789412536536798421897135264264879153153246897
132654897798321564465987231356798142879412653241563978987135426624879315513246789
213654987879321654546987321987412563124563798635798412462879135798135246351246879
132654897465987231798321564879412653356798142241563978987135426624879315513246789
654978231987312564321645897563789142412536978798421653246897315879153426135264789
564897312897231645231564978978142536142653789653978421426789153789315264315426897
897321546231654879564987213142563987653798124978412635426879351789135462315246798
231465987564798321897132654142356798653879412978241563315624879426987135789513246
987312546654978213321645879412536987563789124798421635135264798879153462246897351
231456987897123654564789321978214563653897412142365798426978135315642879789531246
987123465321456798654789132563897241412365879798214356246978513135642987879531624
213465879546798213879132546124356987635879124987241635462987351351624798798513462
321456798654789132987123465412365879563897241798214356135642987246978513879531624
132546879798213546465879213879124635241635987356987124513462798624798351987351462
798231654465897321132564987879142563356978412241653798513426879624789135987315246
231564897564897231897231564978142653142653978653978142426789315789315426315426789
645978312978312645312645978789421536536789421421536789153264897897153264264897153
798123645465789312132456978356897421879214536241365789513642897624978153987531264
564798231231465897897132564978241653142356978653879142789513426315624789426987315
798123654465789321132456987879214563241365798356897412987531246624978135513642879
321564978654897312987231645412653789563978421798142536879315264246789153135426897
231654789564987123897321456653798214978412365142563897426879531315246978789135642
231564879897231546564897213142653987653978124978142635789315462315426798426789351
654897132987231465321564798412653879798142356563978241135426987879315624246789513
213645798546978132879312465124536879987421356635789241462897513351264987798153624
213456978879123645546789312987214536124365789635897421351642897462978153798531264
213564897879231564546897231124653978635978142987142653462789315798315426351426789
654987321987321654321654987412563798563798412798412563246879135135246879879135246
132456978465789312798123645356897421241365789879214536513642897624978153987531264
321645897987312564654978231412536978563789142798421653135264789246897315879153426
123456987456789321789123654897214563214365798365897412531642879978531246642978135
132546987465879321798213654241635798879124563356987412987351246513462879624798135
123456798789123465456789132365897241897214356214365879978531624531642987642978513
987321456654987123321654789798412365412563897563798214879135642246879531135246978
798321654132654987465987321879412563241563798356798412624879135513246879987135246
789132654456798321123465987897241563214356798365879412531624879978513246642987135
546897231879231564213564897124653978987142653635978142351426789462789315798315426
546978321879312654213645987987421563635789412124536798462897135351264879798153246
987213465654879132321546798563987241412635879798124356135462987879351624246798513
231546879897213546564879213142635987653987124978124635426798351315462798789351462
231546789564879123897213456142635897653987214978124365426798531315462978789351642
321564978654897312987231645563978421798142536412653789246789153135426897879315264
654897132321564798987231465798142356563978241412653879246789513879315624135426987
123465987789132654456798321365879412214356798897241563978513246531624879642987135
879231564213564897546897231635978142124653978987142653351426789462789315798315426
879123546213456879546789213124365987635897124987214635351642798462978351798531462
897132564231465897564798231142356978653879142978241653315624789789513426426987315
123645978456978312789312645365789421897421536214536789978153264531264897642897153
789321456123654789456987123214563897365798214897412365531246978978135642642879531
879213456546879123213546789635987214987124365124635897798351642462798531351462978
798213456132546789465879123241635897356987214879124365987351642513462978624798531
645897312978231645312564978789142536421653789536978421153426897264789153897315264
564987213231654879897321546978412635142563987653798124789135462426879351315246798
897312645564978312231645978653789421142536789978421536426897153789153264315264897
546987123879321456213654789987412365124563897635798214462879531798135642351246978
546798123879132456213465789635879214987241365124356897351624978462987531798513642
564789321231456987897123654142365798978214563653897412426978135315642879789531246
789321456123654789456987123214563897897412365365798214978135642531246978642879531
978321564312654897645987231789412653536798142421563978897135426153246789264879315
132546789465879123798213456879124365241635897356987214987351642513462978624798531
987123456321456789654789123563897214412365897798214365135642978246978531879531642
456798123123465789789132456365879214897241365214356897531624978642987531978513642
879132564546798231213465897124356978987241653635879142798513426351624789462987315
654798321321465987987132654412356798563879412798241563879513246135624879246987135
564978312897312645231645978978421536653789421142536789789153264426897153315264897
897213546231546879564879213653987124142635987978124635426798351315462798789351462
321456978987123645654789312798214536412365789563897421879531264135642897246978153
546987132213654798879321465635798241124563879987412356351246987798135624462879513
123645987789312654456978321897421563365789412214536798531264879978153246642897135
645897312978231645312564978789142536536978421421653789153426897897315264264789153
123465978789132645456798312365879421897241536214356789531624897642987153978513264
798312456465978123132645789879421365241536897356789214987153642513264978624897531
465987321132654987798321654356798412241563798879412563513246879987135246624879135
231465798564798132897132465978241356142356879653879241426987513789513624315624987
987321546321654879654987213798412635563798124412563987879135462135246798246879351
321645987654978321987312654563789412798421563412536798135264879246897135879153246
231546897897213564564879231142635978978124653653987142789351426426798315315462789
897132564231465897564798231978241653142356978653879142789513426426987315315624789
645978312312645978978312645789421536536789421421536789897153264153264897264897153
978231654312564987645897321421653798789142563536978412153426879264789135897315246
132465897798132564465798231241356978356879142879241653987513426624987315513624789